0
4
4
10
11
13
19
20
22
31
34
36
36
43
44
44
45
52
55
58
61
67
67
67
67
68
70
71
73
78
78
80
81
82
87
91
91
100
104
105
106
108
111
112
117
117
124
127
129
133
134
134
136
141
142
143
144
145
148
150
151
152
153
157
157
158
158
162
164
165
171
178
179
179
181
183
183
187
191
193
193
195
196
204
206
207
209
214
217
217
219
222
225
227
228
230
231
234
234
241
245
245
246
247
247
249
252
253
255
256
257
260
261
263
263
265
266
271
271
272
278
282
283
288
289
289
289
289
290
292
292
297
298
298
299
300
302
304
306
311
312
314
314
315
317
320
321
322
325
326
327
328
328
329
332
336
338
339
340
341
344
348
350
351
353
356
359
361
364
364
368
368
369
371
374
378
382
383
385
387
388
388
397
399
401
402
402
404
409
410
412
416
417
417
419
420
420
423
425
425
431
432
433
434
434
439
441
444
447
449
450
451
451
452
455
457
464
468
469
472
478
480
483
483
484
485
485
486
489
494
496
498
499
501
504
505
509
510
512
515
515
520
522
525
525
527
528
532
534
534
538
540
542
542
544
546
547
548
548
549
550
552
560
560
561
561
566
569
576
577
579
584
587
590
591
596
597
597
598
598
602
603
603
604
606
606
607
608
609
610
610
611
612
616
616
619
622
625
626
626
628
628
631
636
637
640
640
643
644
646
647
649
651
652
652
656
657
657
659
662
663
663
664
664
665
666
666
676
676
679
679
684
686
686
686
686
687
693
694
695
695
696
699
701
701
703
712
713
716
717
718
719
724
725
726
727
728
733
734
734
735
736
738
738
741
743
743
743
746
747
747
748
750
751
751
751
756
757
758
762
763
764
766
767
767
774
775
776
776
776
781
784
784
787
792
794
795
799
800
800
800
806
808
808
809
810
810
812
816
822
823
823
826
830
842
844
844
852
855
855
858
858
860
861
861
863
864
866
867
871
872
877
885
885
885
886
887
888
894
899
900
903
904
905
906
907
913
913
916
916
919
921
921
922
923
924
927
930
933
936
939
940
941
942
946
951
953
953
955
956
960
961
961
961
964
964
966
967
968
970
970
972
974
976
977
978
979
980
983
985
987
989
989
989
993
994
996
996
997
998
